name: Quadro
arena: Smash
type: static
world: ssb
bounds:
  min-x: 68
  min-y: -48
  min-z: -315
  max-x: 202
  max-y: -18
  max-z: -188
spawns:
  waitroom:
    x: 70.52162199546684
    y: -37.0
    z: -289.4595935417242
    yaw: 0.7564392
    pitch: 0.299985
  spectator:
    x: 70.52162199546684
    y: -37.0
    z: -289.4595935417242
    yaw: 0.7564392
    pitch: 0.299985
  team-spawns:
    Default:
      spawns:
      - x: 78.50155256477855
        y: -44.0
        z: -301.48486071486764
        yaw: -46.04425
        pitch: -2.25004
      - x: 165.53105469454133
        y: -44.0
        z: -300.52313518973153
        yaw: 45.156128
        pitch: -0.9000339
      - x: 167.54147880007002
        y: -44.0
        z: -213.44050192694934
        yaw: 136.35594
        pitch: -1.8000417
      - x: 78.48964156462402
        y: -44.0
        z: -212.4928422337894
        yaw: -134.99425
        pitch: -1.05001
